(
FJ1:0.00729,
FJ2:0.00735,
FJ3:0.00485);
